Value, Volts, Resistance 1 (MOhm), Resistance 2 (MOhm), Resistance 3 (MOhm)
0.00, inf, inf, inf, inf
510.00, 4.50, 0.12, 0.14, 0.10
510.00, 4.50, 0.12, 0.14, 0.10
510.00, 4.50, 0.12, 0.14, 0.10
511.00, 4.50, 0.12, 0.14, 0.10
511.00, 4.50, 0.12, 0.14, 0.10
511.00, 4.50, 0.12, 0.14, 0.10
510.00, 4.50, 0.12, 0.14, 0.10
0.00, inf, inf, inf, inf
0.00, inf, inf, inf, inf
167.00, 3.19, 0.47, 0.54, 0.51
167.00, 3.19, 0.47, 0.54, 0.51
167.00, 3.19, 0.47, 0.54, 0.51
167.00, 3.19, 0.47, 0.54, 0.51
0.00, inf, inf, inf, inf
0.00, inf, inf, inf, inf
0.00, inf, inf, inf, inf
0.00, inf, inf, inf, inf
0.00, inf, inf, inf, inf
0.00, inf, inf, inf, inf
0.00, inf, inf, inf, inf
91.00, 2.47, 0.97, 1.03, 1.03
91.00, 2.47, 0.97, 1.03, 1.03
91.00, 2.47, 0.97, 1.03, 1.03
91.00, 2.47, 0.97, 1.03, 1.03
0.00, inf, inf, inf, inf
0.00, inf, inf, inf, inf
0.00, inf, inf, inf, inf
0.00, inf, inf, inf, inf
61.00, 2.00, 1.56, 1.45, 1.58
61.00, 2.00, 1.56, 1.45, 1.58
61.00, 2.00, 1.56, 1.45, 1.58
61.00, 2.00, 1.56, 1.45, 1.58
61.00, 2.00, 1.56, 1.45, 1.58
61.00, 2.00, 1.56, 1.45, 1.58
61.00, 2.00, 1.56, 1.45, 1.58
57.00, 1.92, 1.70, 1.53, 1.70
61.00, 2.00, 1.56, 1.45, 1.58
61.00, 2.00, 1.56, 1.45, 1.58
61.00, 2.00, 1.56, 1.45, 1.58
